101
13 8 792 794
13 4 1593 270
12 1 257 293
12 6 2 754
12 14 1136 845
12 2 1151 333
12 10 1551 1070
11 6 470 310
11 7 726 760
11 8 1157 644
11 10 1654 756
11 10 1895 756
6 1 975 80
6 1 1040 80
6 2 1105 80
6 6 576 486
6 6 690 486
6 6 576 600
6 6 690 600
5 1 726 35
5 1 726 76
5 1 770 76
5 1 770 35
5 3 1715 170
5 3 1715 200
5 3 1715 230
5 3 1715 260
5 3 1715 290
5 11 1977 811
5 9 1511 859
5 6 120 456
5 7 1014 443
5 7 1061 443
5 8 1337 508
5 8 1337 528
7 2 1298 75
8 2 1248 123
7 2 1312 155
7 2 1218 237
7 3 1633 217
8 3 1666 168
7 8 1297 441
8 8 1362 552
7 8 1298 601
7 1 660 250
8 1 353 312
7 1 307 361
8 6 353 407
7 6 289 455
7 7 561 841
8 7 609 889
7 13 655 923
8 13 609 971
7 13 545 1000
7 9 1440 780
7 10 1585 780
8 10 1633 826
7 10 1585 874
8 10 1633 923
7 10 1585 969
8 10 1649 1000
7 10 1825 795
8 10 1970 732
7 10 1951 602
8 10 1984 554
7 5 1984 74
8 5 2048 122
7 5 2114 154
8 5 2066 202
7 5 2114 235
8 5 2050 281
7 5 1985 330
8 5 2048 378
1 4 1591 189
1 5 2197 350
3 1 594 253
3 1 929 334
3 2 1153 253
3 7 964 492
3 8 1194 856
3 9 1633 643
3 9 1821 558
3 9 1713 396
3 8 1246 414
2 4 1363 64
2 5 2086 64
2 1 730 254
2 6 12 462
2 6 173 610
2 7 977 893
2 9 1171 957
2 9 1367 800
2 11 1960 925
2 11 2130 573
4 0 348 130
4 1 764 130
4 2 1436 164
4 9 1772 500
4 8 764 868
4 12 92 983
4 6 237 712