142
1 0 0 100 36
1 100 0 100 36
1 200 0 100 36
1 300 0 100 36
1 400 0 100 36
1 500 0 100 36
1 600 0 100 36
1 700 0 100 36
1 800 0 100 36
1 900 0 100 36
1 1000 0 100 36
1 1100 0 100 36
1 1200 0 100 36
1 1300 0 300 36
1 1400 0 100 36
1 1500 0 100 36
1 1600 0 100 36
1 1700 0 300 36
1 1800 0 100 36
1 1900 0 100 36
1 2000 0 300 36
1 2100 0 100 36
1 2200 0 100 36
1 2300 0 100 36
1 1785 68 185 6
1 1885 68 85 6
1 1570 118 100 14
1 1670 118 100 14
1 1770 118 54 14
1 1407 167 83 14
1 1425 231 54 14
1 1318 279 104 14
1 1241 341 100 14
1 1341 341 57 14
1 1113 177 119 6
1 903 264 100 14
1 1003 264 100 14
1 1103 264 16 14
1 1046 328 73 14
1 239 232 120 14
1 335 200 100 14
1 435 200 49 14
1 449 179 100 6
1 549 179 100 6
1 649 179 100 6
1 749 179 100 6
1 849 179 88 6
1 425 276 100 6
1 525 276 92 6
1 5 392 100 6
1 100 392 44 6
1 130 343 100 6
1 230 343 24 6
1 450 391 100 6
1 550 391 100 6
1 650 391 100 6
1 750 391 35 6
1 762 359 100 6
1 862 359 27 6
1 864 392 97 6
1 945 392 64 6
1 1113 407 100 6
1 1213 407 68 6
1 944 423 64 6
1 5 600 106 6
1 129 543 100 6
1 229 543 43 6
1 425 639 100 6
1 525 639 100 6
1 625 639 16 6
1 545 511 100 6
1 645 511 100 6
1 745 511 100 6
1 845 511 68 6
1 871 583 104 36
1 1391 488 98 36
1 5 807 105 6
1 145 743 100 6
1 245 743 20 6
1 130 863 100 6
1 230 863 42 6
1 256 824 100 36
1 356 824 35 36
1 312 727 100 36
1 412 727 26 36
1 360 872 100 36
1 460 872 11 36
1 442 807 100 6
1 542 807 17 6
1 616 679 100 36
1 716 679 10 36
1 706 727 86 6
1 597 783 51 6
1 771 759 100 6
1 871 759 40 6
1 851 783 102 6
1 769 879 100 6
1 869 879 44 6
1 929 824 100 36
1 1029 824 93 36
1 943 647 100 36
1 1043 647 68 36
1 1065 615 100 6
1 1165 615 69 6
1 1122 776 100 6
1 1222 776 40 6
1 1100 887 100 6
1 1200 887 64 6
1 1304 840 100 36
1 1304 840 10 36
1 1384 888 100 36
1 1484 888 74 36
1 1507 807 44 6
1 1233 727 100 6
1 1333 727 100 6
1 1433 727 100 6
1 1533 727 100 6
1 1633 727 96 6
1 1792 727 100 6
1 1892 727 61 6
1 1871 855 100 36
1 1971 855 100 36
1 2071 855 63 36
1 2082 887 100 6
1 2182 887 11 6
1 2031 647 100 36
1 2131 647 100 36
1 2231 647 40 36
1 1570 489 60 36
1 1616 567 100 36
1 1716 567 82 36
1 1770 487 100 6
1 1870 487 83 6
1 2090 503 100 6
1 2190 503 81 6
1 1570 376 108 36
1 1637 327 100 36
1 1737 327 86 36
1 1849 247 55 6
1 2144 391 100 36
1 2244 391 27 36
1 2176 287 95 36