288
3 9 37 49
47 11 41 46 
95 6 40 51
143 3 44 54 
197 6 41 50
250 5 42 50
303 2 44 52
6 83 40 51
51 81 61 52
116 80 62 53
180 81 41 52
228 81 39 52
275 81 36 52
319 81 40 52
366 79 41 54  
418 61 41 71
466 57 40 75
516 63 41 70
568 72 41 61
619 80 41 53
668 80 40 53
715 81 39 52 
3 165 36 52
46 165 40 52
91 163 41 54
140 155 37 62
188 151 40 66
238 159 42 57
287 168 38 48
334 168 39 48
378 168 39 48
426 156 36 59
472 150 37 66
519 143 35 73
568 138 38 78
615 155 41 61
666 163 41 53
715 163 40 53
762 164 39 52
7 235 43 55
57 232 41 58
109 233 37 57
163 231 46 59
221 233 36 57
268 239 38 51
5 337 45 50
54 326 51 61
115 314 44 73
171 319 81 68
260 335 51 52
11 496 39 52
59 490 45 58
111 491 49 57 
7 1959 56 45
75 1961 65 43
157 1961 70 44
237 1962 77 43
327 1964 72 43
416 1965 66 43
495 1965 75 43
585 1966 81 43
681 1968 75 43
11 420 41 52
66 413 37 59
111 412 65 60
193 415 46 57
249 418 47 53
298 424 53 47
363 401 74 70
452 386 54 85
520 401 49 70
584 405 51 66
644 415 52 56
704 418 45 53
205 500 42 48
258 509 47 39
315 519 53 29
378 516 52 34
9 571 36 43
58 567 37 47
107 571 50 47
164 578 82 36
256 579 57 36
9 640 46 32
64 642 45 30
115 640 70 32
193 639 92 33
298 640 84 32
392 640 70 32
475 642 45 30
8 846 59 42
75 828 52 61
137 829 54 60
203 824 54 68
269 820 51 73
336 829 38 65
390 818 35 78
448 808 34 92
504 810 34 92
564 812 34 92
15 901 54 82
10 705 41 41
66 683 45 75
124 686 57 56 
199 698 58 41
273 696 60 47
350 692 57 52
419 688 53 57
491 680 50 84
560 719 59 43
15 901 54 82
87 911 54 64
145 942 67 36
215 949 63 28
288 950 67 29 
366 948 75 33
451 935 86 46
549 928 86 54
644 925 96 60
748 925 96 60
853 926 101 59
968 928 101 49
19 1005 49 54
77 1007 43 51
132 1008 38 52
185 1008 52 52
253 1012 40 51
13 1077 52 53
75 1075 50 51
140 1067 46 65
199 1078 51 55
267 1070 81 59
361 1087 58 54
12 1154 49 53
76 1162 37 31
135 1160 35 33
190 1160 38 39
252 1165 38 30
306 1158 37 37
362 1161 38 34
417 1156 42 41
14 1225 40 47
66 1222 43 50
120 1220 41 52
171 1216 40 56
220 1216 52 56
279 1219 45 53
334 1215 42 57
386 1221 40 51
440 1219 35 53
488 1216 49 56
547 1215 55 57
611 1219 55 54
679 1218 44 56
11 1293 57 56
83 1294 43 55
134 1284 51 65
200 1283 46 64
256 1285 41 63
309 1306 55 45
376 1308 52 43
437 1300 45 51
498 1294 50 56
11 1362 29 85
53 1361 28 88
94 1374 28 73
133 1377 41 61
186 1363 30 75
231 1358 28 85
274 1367 27 78
314 1377 32 62 
356 1377 42 61
406 1362 27 80
10 1467 39 77
57 1469 53 71
120 1470 51 76 
191 1470 43 79
258 1468 35 82
311 1468 42 82
366 1471 49 76
430 1473 56 79
517 1471 46 80
586 1473 34 77
7 1564 48 87
65 1564 46 86
123 1564 40 87
181 1563 40 87 
236 1562 38 87
13 1666 37 86
65 1666 41 86
125 1665 51 87
192 1664 31 88
236 1664 56 88
15 1769 48 86
81 1769 52 88
146 1760 60 100
222 1773 77 89
327 1773 54 88
400 1775 74 88
499 1775 48 86
10 1870 34 72
65 1873 24 76
100 1874 36 70
144 1874 48 63
204 1875 59 53
281 1876 59 40
354 1869 52 53
422 1871 47 66
482 1866 45 74
  //// Hurting 
9 2167 42 45
58 2161 55 51
122 2162 59 49
189 2163 80 47
282 2160 61 50
351 2161 59 48
1 2234 80 47
87 2231 61 50
160 2224 45 57
213 2224 45 57
264 2231 39 49
312 2230 40 50
361 2230 34 50
407 2230 35 50
454 2232 38 48
505 2227 43 55
560 2228 40 52
614 2232 39 49
661 2232 40 50
2 2335 37 50
49 2329 37 56
97 2331 42 54
148 2333 60 52
223 2336 61 50
296 2310 75 82
383 2309 77 84
476 2309 75 84
567 2311 68 82
654 2313 66 80
734 2321 66 73
811 2323 66 73
888 2323 66 73
970 2325 66 73
1049 2325 66 73
2 2472 63 68
79 2475 56 65
143 2508 19 32
173 2503 23 37
205 2495 25 45
243 2483 27 57
278 2474 38 66
333 2460 37 80
382 2460 42 83
442 2454 53 86
510 2441 43 99
563 2426 50 114
623 2407 45 133
682 2400 39 140
3 2565 43 61
60 2566 48 58
123 2566 35 56
166 2565 40 60
215 2567 35 59
263 2564 37 62
310 2565 47 58
372 2564 37 60
333 2643 46 59
388 2644 47 59
441 2645 45 59
493 2646 44 59
548 2648 45 58
603 2650 41 57
654 2653 48 55
715 2653 48 56
773 2655 48 56
830 2656 49 55
9 2654 50 29 
68 2653 49 29
128 2654 50 28
189 2653 50 29
251 2653 50 29
373 24 7 6
394 23 7 9
414 18 19 17
444 16 29 21
485 14 30 24
532 13 29 26
0 0 0 0