39
8 9 64 70
80 10 57 69
144 11 55 68
208 12 51 67
272 11 64 68
344 11 82 68
440 11 85 68
536 11 68 68
8 118 70 57
88 112 64 63
160 104 67 71
240 104 71 71
320 92 68 83
400 93 68 82
480 94 69 81
560 94 69 81
644 93 63 83
716 95 64 81
788 116 71 60
14 193 24 46
46 187 21 52
78 193 24 46
110 190 27 49
150 194 35 45
198 226 27 13
238 224 23 15
270 225 25 14
310 227 13 12
334 226 34 13
382 219 15 20
8 286 74 49
96 288 79 47
184 294 98 41
296 295 89 40
400 307 77 28
488 305 73 30
572 293 60 42
645 285 64 50
0 0 0 0