54
2 9 45 66
53 10 45 65
109 11 45 64
164 11 45 64
214 10 37 65
259 9 42 66
308 9 49 66
363 11 35 64
9 82 36 73
53 96 49 59
109 98 91 57
203 97 85 58
292 96 76 59
382 96 40 59
8 175 44 57
59 185 40 47
114 160 38 72
161 165 41 67
210 171 46 61
268 162 41 70
318 184 46 48
378 185 40 47
433 166 45 66
2 255 47 51
55 253 51 53
111 252 56 54
173 253 51 53
230 255 49 51
284 254 41 52
334 251 43 55
382 253 46 53
5 317 44 52
56 316 36 53
98 317 53 52
157 317 57 52
221 317 48 52
278 317 43 52
6 378 54 51
65 386 67 43
140 388 70 41
216 387 74 42
297 385 88 44
395 384 95 45
6 447 43 59
61 434 43 72
116 441 51 65
178 451 114 55
300 434 91 72
6 538 53 47
71 515 63 70
138 529 65 56
210 520 71 65
290 522 74 63
382 530 66 55
0 0 0 0