45
341 17 11 11
369 15 32 15
335 45 38 49
389 45 42 51
443 49 44 43
497 48 44 43
340 111 17 15
363 111 17 15
386 111 17 15
409 111 17 15
432 110 17 16
454 107 32 20
492 110 22 17
522 112 17 15
545 112 17 15
340 140 22 23
367 141 24 23
343 171 19 23
366 173 17 22
387 175 16 20
406 175 17 20
426 173 19 22
448 174 17 22
467 176 16 20 
486 176 17 20
345 213 19 18
368 213 19 18
391 211 19 20
415 209 19 22
440 209 19 22
462 206 32 25
499 207 32 25
542 209 21 23
570 209 21 23
596 213 19 19
19 424 19 32
49 428 23 28
78 437 34 19
119 425 19 33
145 425 22 33
174 426 25 32
207 426 23 33
239 427 20 33
270 428 23 32
302 429 22 32