44
5 8 26 51
38 6 26 53
73 5 27 54
108 4 28 55
146 4 28 55
183 4 28 55
219 4 28 55
254 12 35 47
295 14 50 45
355 10 67 49
436 11 58 49
505 10 52 49
565 10 52 49
627 10 52 49
5 100 53 56
75 92 60 64
154 73 59 83
227 72 83 84
325 71 87 85
417 69 90 87
514 70 91 86
613 86 77 70
701 85 98 70
809 85 101 69
8 191 97 72
122 190 105 76
246 188 105 77
364 188 107 78
490 193 128 77
633 198 129 76
779 202 135 74
10 304 148 56
180 306 133 64
339 307 106 58
469 312 128 54
617 315 115 47
751 304 122 59
10 427 75 43
101 410 31 59
152 416 60 53
233 412 104 57
354 388 93 81
465 398 82 70
567 400 80 67
660 400 80 67